12 13 0
12 14 0
12 15 0
12 16 0
12 17 0
12 18 0
12 19 0
12 20 0
12 21 0
12 22 0
12 23 0
13 12 1
13 14 1
13 15 1
13 16 1
13 17 1
13 18 1
13 19 1
13 20 1
13 21 1
13 22 1
13 23 1
14 12 2
14 13 2
14 15 2
14 16 2
14 17 2
14 18 2
14 19 2
14 20 2
14 21 2
14 22 2
14 23 2
15 12 3
15 13 3
15 14 3
15 16 3
15 17 3
15 18 3
15 19 3
15 20 3
15 21 3
15 22 3
15 23 3
16 12 4
16 13 4
16 14 4
16 15 4
16 17 4
16 18 4
16 19 4
16 20 4
16 21 4
16 22 4
16 23 4
17 12 5
17 13 5
17 14 5
17 15 5
17 16 5
17 18 5
17 19 5
17 20 5
17 21 5
17 22 5
17 23 5
18 12 6
18 13 6
18 14 6
18 15 6
18 16 6
18 17 6
18 19 6
18 20 6
18 21 6
18 22 6
18 23 6
19 12 7
19 13 7
19 14 7
19 15 7
19 16 7
19 17 7
19 18 7
19 20 7
19 21 7
19 22 7
19 23 7
20 12 8
20 13 8
20 14 8
20 15 8
20 16 8
20 17 8
20 18 8
20 19 8
20 21 8
20 22 8
20 23 8
21 12 9
21 13 9
21 14 9
21 15 9
21 16 9
21 17 9
21 18 9
21 19 9
21 20 9
21 22 9
21 23 9
22 12 10
22 13 10
22 14 10
22 15 10
22 16 10
22 17 10
22 18 10
22 19 10
22 20 10
22 21 10
22 23 10
23 12 11
23 13 11
23 14 11
23 15 11
23 16 11
23 17 11
23 18 11
23 19 11
23 20 11
23 21 11
23 22 11
